# КРИВАЯ ЦЕНЫ ОТ РЕГИСТРОВОГО ДАВЛЕНИЯ, 8 варпов, карта 1, 7 раундов, чужих процессов 0
# СОСТОЯНИЕ КАРТЫ 1 ПО КАЖДОМУ СТОЛБЦУ (бюджет: чужих процессов / частота МГц / мощность Вт):
#   cap40:0/135/24.64  cap48:0/1530/51.60  cap56:0/1530/51.95  cap64:0/1530/52.44  cap72:0/1530/52.86  cap80:0/1530/52.93  cap96:0/1530/52.97  cap112:0/1530/53.03  cap128:0/1530/53.52  cap144:0/1530/53.59  cap168:0/1530/53.42  cap192:0/1530/53.10  cap224:0/1530/52.54  cap255:0/135/25.63
# тело c1xNP: NP независимых значений, живых через обратную дугу; MaxLive(модель) = NP+2
# столбцы -- бюджет регистров (-maxrregcount); 255 = без ограничения
# КАНАЛЬНАЯ МОДЕЛЬ даёт 4.00*NP тактов (ALU 2 такта * 2 варпа на планировщик)
NP    модель        40       48       56       64       72       80       96      112      128      144      168      192      224      255
8         32     41.1     41.1     41.1     41.1     41.1     41.1     41.1     41.1     41.1     41.1     41.1     41.1     41.1     45.1
16        64     72.1     72.1     72.1     72.1     72.1     72.1     72.1     72.1     72.1     72.1     72.1     72.1     72.1     72.1
24        96    106.4    106.4    106.4    106.4    106.4    106.4    106.4    106.4    106.4    106.4    106.4    106.4    106.4    106.4
32       128    136.1    137.6    136.1    136.1    136.1    136.1    136.1    136.1    136.1    136.1    136.1    136.1    136.1    136.1
40       160    697.9    168.8    168.8    168.8    168.8    168.8    168.8    168.8    168.8    168.8    168.8    168.8    168.8    168.8
48       192   1841.6    698.3    200.1    200.1    200.1    200.1    200.1    200.1    200.1    200.1    200.1    200.1    200.1    200.1
56       224   2692.4   1841.9    698.1    234.3    233.6    233.6    233.6    233.6    233.6    233.6    233.6    233.6    233.6    233.6
64       256   3445.0   2691.3   1842.8    698.8    266.2    264.2    264.2    264.2    264.2    264.2    264.2    264.2    264.2    264.2
72       288   4821.1   3440.7   2689.1   1842.8    700.7    296.2    298.5    298.1    298.1    298.1    298.1    298.1    298.1    298.1
80       320   6110.9   4901.7   3306.7   2686.4   1843.9    700.8    329.2    329.2    329.2    329.2    329.2    329.2    329.2    329.2
88       352   9328.9   6150.6   4889.3   3306.8   2683.9   1846.0    361.9    360.2    360.1    360.1    360.1    360.1    360.1    360.2
96       384  12942.4   9422.3   6080.0   4671.7   3305.8   2680.8    702.7    392.2    392.2    393.4    393.4    393.4    393.4    392.8
104      416  18172.8  13157.8   9269.2   6114.0   4683.4   3306.8   1848.9    424.2    425.2    425.2    425.2    425.2    425.2    424.4
112      448  22551.9  17827.0  13100.1   9087.1   5934.6   4665.1   2680.1    702.4    456.5    456.2    456.2    456.2    456.2    456.3
120      480  26818.4  22397.3  18276.3  13202.2   8882.4   5933.5   3306.3   1850.6    488.3    488.2    488.2    488.2    488.2    488.4
128      512  32441.7  27811.4  22904.2  18349.9  13265.2   8262.2   4683.0   2679.2    706.4    520.6    521.1    521.3    521.3    522.4
136      544  34597.7  32821.1  27492.6  23542.8  18385.4  12959.0   5959.0   3306.3   1851.8    554.2    552.2    552.2    552.2    552.5
144      576  39535.9  34638.1  31194.1  28256.7  23625.6  18312.3   8149.4   4676.1   2685.0    707.7    584.3    584.3    584.3    584.6
152      608  42382.0  38342.1  35207.9  31512.9  27592.3  23584.1  12053.1   5976.2   3305.4   1853.8    617.7    617.5    617.7    617.5
160      640  44942.2  42346.7  39706.5  36128.7  33340.5  27520.4  18338.0   8172.7   4653.9   2685.8    650.0    648.3    648.3    648.8
168      672  46905.8  44906.6  42388.0  39745.2  35802.3  32325.4  23515.1  12056.7   5996.6   3307.0    801.6    680.3    680.3    681.3
176      704  50952.4  48709.5  45034.6  42121.8  39126.2  35873.3  27379.6  17890.1   8239.0   4654.6   1855.5    716.3    713.4    714.8
184      736  52194.7  50962.1  46913.8  45313.5  42696.2  39339.3  32446.6  23235.7  12152.2   6019.3   2690.7    747.1    744.3    744.5
192      768  56227.3  52594.5  49724.7  48455.1  45389.0  41971.7  34761.8  27452.1  17887.6   8279.8   3306.2    897.7    777.0    777.5
200      800  58588.3  55779.6  53083.6  49803.1  47563.5  45299.3  39679.4  32415.9  23231.1  12151.4   4640.1   1856.5    808.4    809.8
208      832  61176.5  58825.0  56292.8  52758.4  49907.2  47272.2  41702.2  35095.5  26947.9  17895.6   6048.4   2697.2    841.6    840.6
216      864  65260.4  62214.4  60157.5  56345.2  53359.2  50461.5  45301.3  39527.0  32314.4  23228.6   8343.3   3305.3    872.6    872.6
224      896  67688.0  64383.4  62006.9  59872.5  56495.8  53848.5  48491.2  42295.8  34980.7  26915.7  12192.0   4632.7   1018.3    905.8
232      928  69432.5  67920.9  64469.0  62524.7  60221.9  57253.8  52019.1  46111.9  39353.8  32142.5  17882.7   6093.1   1858.5    937.7
240      960  73391.3  71197.7  68451.9  64285.0  62158.0  59344.4  54972.8  49219.8  42278.3  34916.6  23237.0   8341.7   2705.4    969.4

# ЛОКАЛЬНЫЕ ОБРАЩЕНИЯ (LDL+STL) в теле по SASS -- компиляторный свидетель того же излома
NP           40       48       56       64       72       80       96      112      128      144      168      192      224
8             0        0        0        0        0        0        0        0        0        0        0        0        0
16            0        0        0        0        0        0        0        0        0        0        0        0        0
24            0        0        0        0        0        0        0        0        0        0        0        0        0
32            4        0        0        0        0        0        0        0        0        0        0        0        0
40           40        4        0        0        0        0        0        0        0        0        0        0        0
48          104       40        4        0        0        0        0        0        0        0        0        0        0
56          160      104       40        4        0        0        0        0        0        0        0        0        0
64          217      160      104       40        4        0        0        0        0        0        0        0        0
72          275      209      160      104       40        4        0        0        0        0        0        0        0
80          333      267      208      160      104       40        0        0        0        0        0        0        0
88          405      323      261      208      160      104        4        0        0        0        0        0        0
96          463      383      317      256      208      160       40        0        0        0        0        0        0
104         515      459      373      310      256      208      104        4        0        0        0        0        0
112         573      509      437      366      304      256      160       40        0        0        0        0        0
120         619      565      509      424      360      304      208      104        4        0        0        0        0
128         671      623      559      486      418      352      256      160       40        0        0        0        0
136         729      671      615      558      474      411      304      208      104        4        0        0        0
144         787      715      671      608      536      467      352      256      160       40        0        0        0
152         845      763      721      664      608      523      402      304      208      104        0        0        0
160         899      823      765      720      666      585      455      352      256      160        4        0        0
168         953      881      815      770      710      657      511      402      304      208       40        0        0
176        1013      931      863      814      770      717      567      450      352      256      104        0        0
184        1057      983      907      864      820      759      623      498      402      304      160        4        0
192        1121     1041      967      914      864      819      685      554      450      352      208       40        0
200        1173     1097     1027      958      914      869      753      610      498      402      256      104        0
208        1223     1161     1083     1002      964      913      813      666      546      450      304      160        0
216        1275     1219     1137     1058     1008      963      861      722      595      498      352      208        4
224        1329     1267     1191     1114     1054     1013      917      784      653      546      402      256       40
232        1379     1319     1241     1168     1104     1057      965      858      709      594      450      304      104
240        1431     1375     1301     1222     1152     1103     1011      912      765      642      498      352      160
